0.2,0.15,0.5:0.0,1.0,0.0
0.2,0.15,0.5:1.0,0.0,0.0
0.25,0.1,0.45:1.0,0.0,0.0
0.3,0.15,0.4:1.0,0.0,0.0
0.15,0.2,0.45:0.0,0.0,1.0
0.1,0.15,0.5:0.0,0.0,1.0
0.25,0.1,0.45:1.0,0.0,0.0
0.15,0.2,0.4:1.0,0.0,0.0
0.1,0.15,0.35:1.0,0.0,0.0
0.1,0.15,0.3:1.0,0.0,0.0
0.1,0.15,0.25:1.0,0.0,0.0
0.15,0.1,0.2:1.0,0.0,0.0
0.1,0.25,0.25:0.0,0.0,1.0
0.15,0.45,0.3:0.0,0.0,1.0
0.15,0.35,0.35:0.0,0.0,1.0
0.1,0.4,0.4:0.0,0.0,1.0
0.2,0.15,0.35:1.0,0.0,0.0
0.25,0.1,0.3:1.0,0.0,0.0
0.15,0.55,0.35:0.0,0.0,1.0
0.1,0.5,0.4:0.0,0.0,1.0
0.1,0.2,0.35:1.0,0.0,0.0
0.1,0.15,0.3:1.0,0.0,0.0
0.15,0.1,0.25:1.0,0.0,0.0
0.15,0.1,0.2:1.0,0.0,0.0
0.15,0.2,0.25:0.0,0.0,1.0
0.15,0.1,0.2:1.0,0.0,0.0
0.15,0.2,0.25:0.0,0.0,1.0
0.15,0.2,0.3:0.0,0.0,1.0
0.15,0.15,0.25:1.0,0.0,0.0
0.15,0.15,0.2:1.0,0.0,0.0
0.15,0.1,0.25:0.0,0.0,1.0
0.15,0.2,0.3:0.0,0.0,1.0
0.15,0.2,0.35:0.0,0.0,1.0
0.1,0.25,0.4:0.0,0.0,1.0
0.15,0.1,0.35:1.0,0.0,0.0
0.15,0.1,0.3:1.0,0.0,0.0
0.15,0.1,0.25:1.0,0.0,0.0
0.15,0.3,0.3:0.0,0.0,1.0
0.1,0.25,0.35:0.0,0.0,1.0
0.15,0.2,0.3:1.0,0.0,0.0
0.1,0.15,0.25:1.0,0.0,0.0
0.15,0.1,0.2:1.0,0.0,0.0
0.15,0.25,0.25:0.0,0.0,1.0
0.15,0.2,0.3:0.0,0.0,1.0
0.1,0.15,0.35:0.0,0.0,1.0
0.2,0.15,0.3:1.0,0.0,0.0
0.1,0.15,0.25:1.0,0.0,0.0
0.15,0.2,0.2:1.0,0.0,0.0
0.15,0.1,0.25:0.0,0.0,1.0
0.1,0.15,0.3:0.0,0.0,1.0
0.1,0.15,0.35:0.0,0.0,1.0
0.15,0.2,0.3:1.0,0.0,0.0
0.1,0.15,0.35:0.0,0.0,1.0
0.15,0.2,0.4:0.0,0.0,1.0
0.1,0.25,0.45:0.0,0.0,1.0
0.2,0.25,0.5:0.0,0.0,1.0
0.1,0.15,0.55:0.0,0.0,1.0
0.15,0.1,0.6:0.0,0.0,1.0
0.05,0.2,0.65:0.0,0.0,1.0
0.1,0.2,0.6:1.0,0.0,0.0
0.1,0.15,0.65:0.0,0.0,1.0
0.15,0.1,0.7:0.0,0.0,1.0
0.05,0.2,0.65:1.0,0.0,0.0
0.1,0.15,0.6:1.0,0.0,0.0
0.1,0.15,0.55:1.0,0.0,0.0
0.15,0.1,0.5:1.0,0.0,0.0
0.1,0.15,0.45:1.0,0.0,0.0
0.15,0.4,0.5:0.0,0.0,1.0
0.25,0.2,0.45:1.0,0.0,0.0
0.2,0.15,0.4:1.0,0.0,0.0
0.1,0.15,0.35:1.0,0.0,0.0
0.05,0.2,0.3:1.0,0.0,0.0
0.1,0.15,0.25:1.0,0.0,0.0
0.05,0.2,0.2:1.0,0.0,0.0
0.15,0.35,0.25:0.0,0.0,1.0
0.15,0.25,0.3:0.0,0.0,1.0
0.1,0.2,0.35:0.0,0.0,1.0
0.1,0.2,0.3:1.0,0.0,0.0
0.1,0.15,0.25:1.0,0.0,0.0
0.1,0.15,0.3:0.0,0.0,1.0
0.1,0.15,0.25:1.0,0.0,0.0
0.1,0.15,0.2:1.0,0.0,0.0
0.1,0.15,0.25:0.0,0.0,1.0
0.15,0.25,0.3:0.0,0.0,1.0
0.1,0.2,0.35:0.0,0.0,1.0
0.1,0.15,0.3:1.0,0.0,0.0
0.1,0.15,0.25:1.0,0.0,0.0
0.15,0.1,0.2:1.0,0.0,0.0
0.1,0.15,0.25:0.0,0.0,1.0
0.1,0.6,0.3:0.0,0.0,1.0
0.15,0.5,0.35:0.0,0.0,1.0
0.1,0.45,0.4:0.0,0.0,1.0
0.1,0.45,0.45:0.0,0.0,1.0
0.1,0.4,0.5:0.0,0.0,1.0
0.35,0.15,0.45:1.0,0.0,0.0
0.35,0.2,0.4:1.0,0.0,0.0
0.3,0.15,0.35:1.0,0.0,0.0
0.1,0.15,0.3:1.0,0.0,0.0
0.15,0.1,0.25:1.0,0.0,0.0
0.15,0.15,0.2:1.0,0.0,0.0
0.1,0.2,0.25:0.0,0.0,1.0
0.1,0.15,0.2:1.0,0.0,0.0
0.2,0.3,0.25:0.0,0.0,1.0
0.15,0.35,0.3:0.0,0.0,1.0
0.1,0.3,0.35:0.0,0.0,1.0
0.1,0.3,0.4:0.0,0.0,1.0
0.1,0.3,0.45:0.0,0.0,1.0
0.05,0.25,0.5:0.0,0.0,1.0
0.1,0.15,0.45:1.0,0.0,0.0
0.15,0.2,0.4:1.0,0.0,0.0
0.05,0.2,0.35:1.0,0.0,0.0
0.1,0.15,0.3:1.0,0.0,0.0
0.15,0.1,0.25:1.0,0.0,0.0
0.15,0.1,0.2:1.0,0.0,0.0
0.15,0.2,0.25:0.0,0.0,1.0
0.15,0.3,0.3:0.0,0.0,1.0
0.15,0.35,0.35:0.0,0.0,1.0
0.1,0.2,0.4:0.0,0.0,1.0
0.15,0.25,0.45:0.0,0.0,1.0
0.1,0.2,0.5:0.0,0.0,1.0
0.4,0.2,0.45:1.0,0.0,0.0
0.25,0.15,0.4:1.0,0.0,0.0
0.25,0.15,0.35:1.0,0.0,0.0
0.2,0.1,0.3:1.0,0.0,0.0
0.15,0.1,0.25:1.0,0.0,0.0
0.15,0.1,0.2:1.0,0.0,0.0
0.15,0.35,0.25:0.0,0.0,1.0
0.1,0.4,0.3:0.0,0.0,1.0
0.1,0.5,0.35:0.0,0.0,1.0
0.1,0.45,0.4:0.0,0.0,1.0
0.05,0.4,0.45:0.0,0.0,1.0
0.15,0.4,0.5:0.0,0.0,1.0
0.15,0.3,0.55:0.0,0.0,1.0
0.1,0.15,0.5:1.0,0.0,0.0
0.1,0.15,0.45:1.0,0.0,0.0
0.1,0.15,0.4:1.0,0.0,0.0
0.15,0.1,0.35:1.0,0.0,0.0
0.15,0.1,0.3:1.0,0.0,0.0
0.15,0.2,0.35:0.0,0.0,1.0
0.1,0.25,0.4:0.0,0.0,1.0
0.1,0.15,0.35:1.0,0.0,0.0
0.1,0.15,0.3:1.0,0.0,0.0
0.15,0.1,0.25:1.0,0.0,0.0
0.15,0.1,0.2:1.0,0.0,0.0
0.1,0.15,0.25:0.0,0.0,1.0
0.1,0.15,0.3:0.0,0.0,1.0
0.05,0.2,0.35:0.0,0.0,1.0
